1 0 0 0 0 0 0 0 	=  128		0 0 0 0 0 0 0 1	=  1
1 1 0 0 0 0 0 0	=  192		0 0 0 0 0 0 1 1	=  3
1 1 1 0 0 0 0 0	=  224		0 0 0 0 0 1 1 1 	=  7
1 1 1 1 0 0 0 0	=  240		0 0 0 0 1 1 1 1	=  15
1 1 1 1 1 0 0 0	=  248	             0 0 0 1 1 1 1 1	=  31                 
1 1 1 1 1 1 0 0 	=  252		0 0 1 1 1 1 1 1	=  63
1 1 1 1 1 1 1 0	=  254		0 1 1 1 1 1 1 1	=  127
1 1 1 1 1 1 1 1	=  255		1 1 1 1 1 1 1 1	=  255

2^1 = 2
2^2 = 4
2^3 = 8
2^4 = 16
2^5 = 32
2^6 = 64
2^7 = 128
2^8 = 256
2^9 = 512
2^10 = 1,024
2^11 = 2,048
2^12 = 4,096
2^13 = 8,192
2^14 = 16,384
2^15 = 32,768
2^16 = 65,536
2^17 = 131,072
2^18 = 262,144
2^19 = 524,288
2^20 = 1,048,576









